Detailed computations for top wealth shares (US),,,,,,,,,,
Kopczuk-Saez Table B1,,,Kopczuk-Saez decennial averages,,,,,SCF (Kennickel 2009-2011; Wolff 1994),,
,Top 1% wealth share,"Top 0,1% wealth share",,Top 1% wealth share,"Top 0,1% wealth share",Ratio SCF/KS,,Top 10% wealth share,Top 1% wealth share,"Top 0,1% wealth share"
1916,38.1238574661,21.0323493507,1910,37.6081261409,20.6872372172,1.2,1910.0,81.1297513691,45.1297513691,24.8246846606
1917,35.5825716156,19.3061767713,1920,36.4390846778,19.0893681586,1.2,1920.0,79.7269016134,43.7269016134,22.9072417903
1918,36.7969730637,20.0193501282,1930,29.924770737,16.0673469323,1.25,1930.0,73.4059634213,37.4059634213,20.0841836654
1919,39.9291024182,22.3910726185,1940,24.311589155,10.801277952,1.25,1940.0,66.3894864437,30.3894864437,13.50159744
1920,37.6052567647,20.3597572437,1950,23.7324281898,9.8219134322,1.25,1950.0,65.6655352373,29.6655352373,12.2773917903
1921,35.2195854643,17.5381326875,1960,24.3000916878,10.4007348679,1.29217619437,1960.0,67,31.4,13.4395820002
1922,36.0204281294,17.5547274021,1970,21.2263539796,8.6723583484,,1970.0,64.1820011374,28.1820011374,11.5141966008
1923,35.2183604379,17.7983190167,1980,21.4149846715,8.82794226022,,1980.0,67.2,30.1,12.4081836204
1924,36.695348113,18.995039107,1990,21.4075669457,9.04379972325,,1990.0,68.7,32.9,13.8988709763
1925,36.0199429896,18.4541182615,2000,20.787237159,9.06198741487,,2000.0,69.65,33.05,14.407815804
1926,35.1471386228,18.4095562822,2010,,,,2010.0,71.5,33.8,14.7347707769
1927,39.2060997148,21.2767961682,,,,,,SCF: 1960: 1962 (Wolff 1994 Table 4) (corrected using Kennickell 2011 for 1989 gap),,
,,,,,,,,1980: average 1983-1989 (Kennickell 2009 Table 4 (1989) and Wolff 1994 Table 4 (1983)),,
1928,36.497086033,19.7032471207,,,,,,1990: average 1992-1995-1998 (Kennickell 2001 Table 4),,
1929,36.7616005086,20.8039882966,,,,,,2000: average 2001-2004 (Kennickell 2001 Table 4),,
1930,40.2923618419,22.8549695283,,,,,,"2010: 2007 (Kennickell 2009 Table 4; according to Kennickell 2011 Tables 2-3, very little change between 2007 and 2009: all wealth levels reduced by roughy the same percentage)",,
1931,34.7038069516,18.7729365593,,,,,,,,
1932,28.3983845702,14.6820469545,,,,,,,,
1933,30.3072777792,16.2768164863,,,,,,,,
1934,28.0864173605,14.9384671307,,,,,,,,
1935,27.7741833952,14.9807269303,,,,,,,,
1936,29.7016593423,16.6332052943,,,,,,,,
1937,26.9678569078,14.2182189879,,,,,,,,
1938,27.0649522789,14.1325492954,,,,,,,,
1939,25.9508069425,13.1835321559,,,,,,,,
1940,25.2692429353,12.4230901859,,,,,,,,
1941,25.3048680545,12.3471457135,,,,,,,,
1942,23.7393378616,11.3129627455,,,,,,,,
1943,24.2611506623,10.9622834919,,,,,,,,
1944,25.4904940268,11.3977541724,,,,,,,,
1945,24.651631973,10.540410216,,,,,,,,
1946,24.4913247792,10.2809966481,,,,,,,,
1947,24.2765183317,10.260959283,,,,,,,,
1948,23.0420233682,9.45265518715,,,,,,,,
1949,22.589299557,9.03452187689,,,,,,,,
1950,22.7755646384,9.23969663681,,,,,,,,
1953,23.7741749384,9.72954087553,,,,,,,,
1954,23.1849829713,9.59744045657,,,,,,,,
1956,24.7465487782,10.481505986,,,,,,,,
1958,24.1808696229,10.0613832061,,,,,,,,
1960,25.2484410294,10.5286055036,,,,,,,,
1962,24.3923555594,10.3576427441,,,,,,,,
1965,24.697673144,10.8498591766,,,,,,,,
1969,22.8618970183,9.86683204712,,,,,,,,
1972,23.1314623056,9.89073908145,,,,,,,,
1976,19.3212456535,7.45397761535,,,,,,,,
1982,19.0563324588,7.32849641281,,,,,,,,
1983,21.07223374,8.39697796166,,,,,,,,
1984,20.9500590224,8.60457572884,,,,,,,,
1985,22.3504405165,9.44860574525,,,,,,,,
1986,22.6557204565,9.60676352189,,,,,,,,
1987,21.5667968197,8.98392955482,,,,,,,,
1988,21.7048407604,8.95408395206,,,,,,,,
1989,21.9634535978,9.30010520441,,,,,,,,
1990,20.8632893161,8.72978110192,,,,,,,,
1991,21.5354355446,8.95210866805,,,,,,,,
1992,21.1784782445,8.99355199093,,,,,,,,
1993,21.3108257121,8.69246721537,,,,,,,,
1994,21.581002616,8.99846304577,,,,,,,,
1995,21.5405917483,9.29093363605,,,,,,,,
1996,21.4483778426,9.07911506725,,,,,,,,
1997,21.2394837018,8.91873107278,,,,,,,,
1998,21.6957557401,9.38134893117,,,,,,,,
1999,21.6824289906,9.40149650323,,,,,,,,
2000,20.787237159,9.06198741487,,,,,,,,
