Detailed computations for top wealth shares (France),,,,,,,,,,,,,
"PPVR 2006 Table 4                                                     (top shares among decedents, France)",,,,"Final estimates used here                                                   (top shares among living, France)",,,,,,"PPVR 2006 Table A7                                                     (top shares among decedents, France)                     (= Piketty 2001 Tableau J11, version révisée avril 2003)",,,
,Top 10% wealth share,Top 1% wealth share,"Top 0,1% wealth share",,Top 10% wealth share,Top 1% wealth share,"Top 0,1% wealth share",Top 1% wealth share  (Paris),,,Top 10% wealth share,Top 1% wealth share,"Top 0,1% wealth share"
1807,79.0879026603,43.4220488625,16.3257822787,1810,0.798787816869,0.455931513056,0.171420713927,0.537367995019,,1902-1909,86.4770351517,55.8734531025,26.7457029942
1817,81.0339441415,44.4904942941,18.075014148,1820,0.81844283583,0.467150190088,0.189787648554,0.590124575408,,1910-1913,86.7609147523,56.018011079,26.8295473693
1827,82.3971320813,45.2389325676,16.3088673912,1830,0.832211034021,0.47500879196,0.171243107608,0.519664295169,,1925-1929,80.8478008845,46.8898925162,22.006630704
1837,79.6183016764,43.7668032017,14.7498616934,1840,0.804144846932,0.459551433617,0.154873547781,0.525545861643,,1930-1939,79.1669567842,45.0965334315,21.299825621
1847,81.6231958403,47.8763519257,18.4321484323,1850,0.824394277987,0.50270169522,0.193537558539,0.585791131451,,1940-1949,75.0289360888,34.5739076496,13.0253895952
1857,82.8813730705,49.5193868937,17.4278074221,1860,0.837101868012,0.519953562384,0.182991977932,0.551135976894,,1950-1959,72.075712942,31.8126246298,11.4882047114
1867,81.001631467,47.9579304323,17.4284463457,1870,0.818116477817,0.503558269539,0.18299868663,0.556762917128,,1960-1964,69.250124624,30.3775310884,10.9417676525
1877,83.8032081761,47.1497321707,20.1369757916,1880,0.846412402579,0.495072187793,0.211438245812,0.618715096837,,1984,64.7856945,21.5881210352,6.59439393517
1887,83.9058791342,48.706856155,19.2496388325,1890,0.847449379255,0.511421989627,0.202121207741,0.581522913231,,1994,60.9621593403,21.2807190616,6.3131410009
1902,83.9412538486,51.6416264192,23.1169654145,1900,0.873418055032,0.586671257576,0.280829881439,0.660716998855,,1902,83.9412538486,51.6416264192,23.1169654145
1913,86.2744890657,54.9061607448,26.0313498682,1910,0.884961330474,0.604994519653,0.289759111589,0.707209045842,,1903,86.131130062,54.4397378526,24.4033834343
1929,82.0071429112,50.2430283802,24.7289759637,1920,0.816562788933,0.49234387142,0.231069622392,0.600327945644,,1904,87.535710052,58.1246109103,29.7940451593
1938,77.6227767948,42.0157469263,19.9412189597,1930,0.799586263521,0.473513601031,0.223648169021,0.547632063184,,1905,88.0902304057,59.7467871309,31.6490034336
1947,69.8599990233,29.9233700876,10.9836929141,1940,0.757792254497,0.363026030321,0.13676659075,0.5241158672,,1907,86.2550518953,54.4473523187,23.9275415042
1956,69.4351933979,30.3763711659,10.9895819358,1950,0.727964700715,0.334032558613,0.12062614947,0.388557260175,,1909,86.9088346467,56.8406039832,27.5832790192
1994,60.9621593403,21.2807190616,6.3131410009,1960,0.699426258703,0.318964076428,0.114888560351,0.352853954302,,1910,86.0796411474,54.3949143144,23.9421145027
,,,,1970,0.62,0.22,0.07,0.255,,1911,87.6440967469,57.6911207279,28.443422202
,,,,1980,0.618427634234,0.220198834559,0.0672628181388,0.25,,1912,87.0454320493,57.079848529,28.9013029046
,,,,1990,0.609621593403,0.217063334428,0.0643940382091,0.241577568734,,1913,86.2744890657,54.9061607448,26.0313498682
,,,,2000,0.621,0.235,0.0697151318486,0.261539927055,,1925,80.3479722067,44.6033749919,19.2582154892
,,,,2010,0.624,0.244,0.0723850730683,0.271556349793,,1926,80.0057961727,45.1204169509,21.1949193034
"PPVR 2006 Table 2                                                           (top shares among decedents, Paris)",,,,"PPVR 2006 Table A4 (II)  (top shares among living, diffrential mortality, Paris (except 1947-1994: France))",,,,,,1927,81.0302922473,47.5927497418,22.8444120596
,Top 10% wealth share,Top 1% wealth share,"Top 0,1% wealth share",Top 10% wealth share,Top 1% wealth share,"Top 0,1% wealth share",Ratio Top 10% (living/ decedents),Ratio Top 1% (living/ decedents),"Ratio Top 0,1% (living/ decedents)",1929,82.0071429112,50.2430283802,24.7289759637
1807,96.0398505604,51.1779042875,17.9171499733,96.4570517202,53.9307359307,12.7933242196,1.00434404216,1.05378945624,0.714026741903,1930,81.5929356121,50.3036211769,24.8771354772
1817,97.6409646739,57.2936480978,22.7678158967,97.7378514243,59.282256563,25.9547942655,1.00099227564,1.03470905644,1.13997734272,1931,79.9896080298,46.473471089,21.5556864892
1827,97.3207588793,49.4918376351,14.7548753585,97.2323552736,52.1268834259,18.1732355274,0.999091626424,1.05324202771,1.23167665506,1932,79.0569523422,44.7620598467,20.2951229945
1837,97.7197858761,50.0519868231,14.762415071,96.5771079254,50.5367983308,16.0790482205,0.988306585607,1.0096861591,1.08918819469,1933,79.5124466826,44.9271112144,20.1902321672
1847,98.2847473271,55.7896315668,21.3350357665,97.0671923316,56.2364943836,15.6116511871,0.987611963924,1.00800978254,0.731737755588,1935,79.3074850012,46.0945258315,22.5556994853
1857,96.8788735784,51.0311089717,13.3504242132,95.6098419243,55.1420212019,17.7635339365,0.986900842183,1.08055698403,1.33055951277,1936,78.8343874072,45.7733306463,23.0418665219
1867,97.0549429383,53.0250397265,16.2761111379,95.4515525625,54.9754046395,21.3360667447,0.983479559853,1.03678196043,1.31088234554,1937,77.4722682684,42.6253110184,18.8625630125
1877,96.8952905114,58.9252473178,24.6072035669,97.1900311526,63.516635514,23.1951588785,1.00304184692,1.0779188617,0.942616612871,1938,77.6227767948,42.0157469263,19.9412189597
1887,97.0579094253,55.3831345934,20.1022833946,97.5243995091,61.4455028929,20.5300742213,1.00480630673,1.10946235427,1.02128070818,1939,79.1137509194,42.8936231341,20.3789054817
1902,99.1428655297,64.7761763584,26.0867056095,86.1149189959,74.3982107887,38.2460744169,0.868594210343,1.14854279723,1.46611362084,1940,81.7322355547,38.6541178181,15.2850076301
1913,99.5930437774,72.1019542336,32.7577422095,,,,,,,1941,75.2555943607,34.8816120129,13.275199925
1929,94.8796838676,63.122885962,26.4333119164,,,,,,,1942,75.9488307657,36.8474192575,14.0904449725
1938,90.3935200068,53.642973732,24.1134685409,,,,,,,1943,76.5370169829,36.8352676251,13.4831728946
1947,76.6863344703,38.0938490368,14.8002558982,70.2348799863,28.636905715,10.0341504559,1.00536617475,0.957008038571,0.913549799176,1944,79.3736944356,38.2840792506,15.0862116596
1956,75.036822972,34.5935249316,11.6728902241,,,,,,,1945,75.8504902943,35.2630747965,13.4188775661
1994,66.8948484948,23.6840753661,6.53788154993,64.2655977143,20.2135062189,6.83796340552,1.05418834257,0.949850715118,1.08313174132,1946,70.9461619019,30.6662176372,10.9414210923
"PPVR 2011 Figure 3 (top shares among decedents, Paris)",,,,,,,,,,1947,69.8599990233,29.9233700876,10.9836929141
,,,,,,,,,,1948,71.1236248285,30.3782118349,11.0111600374
1872,0.94669152973,0.512246332104,,,,,,,,1949,73.6617127407,34.0057061756,12.6787072603
1882,0.957324662539,0.538699697599,,,,,,,,1950,74.338137744,33.6062225323,12.7405845454
1912,0.961795198907,0.626045306887,,,,,,,,1951,72.3715300961,33.0393642765,12.3025336758
1922,0.940702651229,0.594527992294,,,,,,,,1952,74.2006090831,32.3199361857,11.4463214825
1927,0.939588807018,0.582585626615,,,,,,,,1953,75.8445128703,32.5579861195,11.3293330292
1932,0.91566512866,0.559949273695,,,,,,,,1954,72.9893242194,30.5240183193,10.9794617845
1937,0.899389143933,0.51383908549,,,,,,,,1955,73.1632480819,31.4799594735,11.0388708326
,,,,,,,,,,1956,69.4351933979,30.3763711659,10.9895819358
,,,,,,,,,,1957,70.0038248811,32.2718539723,11.7637246099
,,,,,,,,,,1958,68.1448282368,30.0673609361,10.1977134686
"Note sur la méthode utilisée: compte tenu de l'instabilité du coefficient correcteur pour passer des morts aux vivants, il paraît plus justifié d'utiliser un rehaussement fixe (voir formules)",,,,,,,,,,1959,70.2659208097,31.8831733167,12.0939217495
,,,,,,,,,,1960,67.5960626328,29.460325333,10.2498946029
,,,,,,,,,,1962,68.5399046195,30.3339802198,11.6674452159
,,,,,,,,,,1964,71.6144066198,31.3382877124,10.9079631386
,,,,,,,,,,1984,64.7856945,21.5881210352,6.59439393517
,,,,,,,,,,1994,60.9621593403,21.2807190616,6.3131410009
